<?xml version="1.0"?>
<opencv_storage>
<classifications type_id="opencv-matrix">
  <rows>101</rows>
  <cols>1</cols>
  <dt>i</dt>
  <data>
    57 57 57 57 57 57 57 57 57 57 56 56 56 56 56 56 56 56 56 55 56 55 55
    55 55 55 55 55 55 54 55 54 54 54 54 54 54 54 53 54 54 53 54 53 53 53
    53 53 53 52 53 52 53 52 53 52 52 52 52 52 52 51 52 51 51 51 51 51 51
    51 51 51 50 50 50 50 50 50 50 50 50 50 49 49 49 49 49 49 49 49 49 48
    48 48 48 48 48 48 48 48 48</data></classifications>
</opencv_storage>
